
state={
	id=153
	name="STATE_153"
	provinces={
		430 453 671 903 988 1256 1280 1460 1468 1689 1769 1800 1848 1899 1976 2043 2099 2115 2179 2218 2257 2288 2418 2633 2857 2947 3031 3110 3363 3708 3711 4018 4125 4196 4225 4247 4259 4289 4596 4661 4742 4828 4873 5015 5016 5100 5174 5234 5286 5287 5323 5391 5512 5519 5545 5723 5813 5832 6167 6178 6477 6484 6501 6508 6523 6586 6622 6767 6914 7114 7161 7197 7314 7343 7348 7349 8397 8408 8430 8432 8433 8442 8444 8455 8470 8476 8477 8490 8493 8508 8514 8515 8521 8537 8538 8546 8552 8568 8574 8579 8595 8596 8602 8603 8612 8615 8616 8628 8644 8649 8650 8661 8666 8672 8678 8684 8689 8690 8702 8703 8711 8716 8717 8718 8727 8741 8745 8755 8769 8774 8802 8819 8825 8831 8832 8843 8882 8883 8891 8905 8929 8937 8938 8961 8992 8993 9024 9042 9043 9056 9066 9083 9116 9122 9129 9135 9154 9170 9171 9182 9208 9209 9215 9238 9262 9267 9279 9287 9298 9302 9313 9324 9335 9336 9347 9383 9391 9411 9412 9418 9476 9477 9506 9518 9537 9542 9561 9580 9619 9738 9748 
	}
	manpower=0
	buildings_max_level_factor=1.000
	local_supplies=0.000
}
