
state={
	id=162
	name="STATE_162"
	provinces={
		101 153 193 202 207 271 357 358 412 515 643 658 852 857 876 891 937 941 962 997 1009 1078 1085 1156 1160 1167 1200 1428 1448 1591 1621 1663 1666 1682 1703 1757 1792 1838 1859 2087 2096 2137 2211 2250 2253 2266 2340 2367 2415 2441 2462 2492 2518 2521 2555 2729 2765 2766 2795 2924 2929 2930 2937 3012 3026 3063 3107 3137 3166 3179 3182 3195 3217 3273 3282 3314 3319 3413 3417 3463 3515 3520 3585 3616 3617 3666 3673 3683 3704 3868 3927 3933 3939 3999 4017 4044 4105 4126 4180 4251 4265 4325 4372 4405 4411 4439 4458 4494 4511 4583 4595 4618 4800 4879 4914 4938 4962 5010 5011 5029 5074 5086 5102 5141 5185 5263 5308 5326 5330 5334 5341 5415 5426 5495 5554 5569 5587 5591 5611 5615 5706 5734 5736 5745 5752 5780 5830 5847 5854 5886 5899 5959 6006 6010 6030 6098 6117 6127 6188 6225 6261 6262 6265 6365 6370 6391 6397 6419 6440 6503 6516 6526 6553 6578 6692 6721 6769 6792 6817 6892 6951 6993 7011 7020 7105 7107 7110 7135 7140 7143 7149 7164 7184 7202 7235 7317 7319 8653 8654 8667 8685 8695 8706 8707 8728 8729 8742 8743 8746 8747 8756 8761 8762 8770 8775 8776 8792 8793 8794 8803 8808 8820 8826 8833 8844 8845 8846 8847 8852 8853 8854 8869 8870 8877 8878 8884 8887 8897 8898 8906 8907 8908 8919 8920 8930 8931 8939 8944 8949 8955 8962 8963 8974 8975 8981 8994 8995 8996 8997 9020 9025 9026 9027 9028 9044 9051 9057 9058 9072 9073 9074 9075 9089 9090 9091 9098 9107 9123 9136 9137 9147 9148 9155 9159 9160 9161 9172 9173 9176 9183 9184 9191 9192 9193 9204 9205 9206 9210 9216 9217 9218 9224 9230 9231 9232 9246 9247 9248 9256 9257 9258 9263 9268 9274 9275 9288 9289 9294 9295 9296 9303 9304 9310 9311 9314 9315 9318 9329 9337 9341 9342 9343 9344 9353 9354 9355 9366 9373 9377 9378 9379 9380 9384 9392 9393 9397 9398 9399 9413 9424 9425 9426 9438 9450 9451 9460 9461 9462 9467 9468 9469 9478 9490 9491 9498 9499 9507 9508 9509 9511 9512 9513 9523 9532 9543 9551 9552 9562 9563 9573 9574 9575 9576 9581 9593 9603 9643 9644 9654 9667 9668 9680 9704 9714 9715 9727 9728 9729 9730 9739 9749 9766 9783 9784 9785 9796 9803 9811 9823 9834 9866 9867 9879 9880 9887 9888 9889 9898 9899 9913 9914 9923 9924 9925 9938 9959 9974 9985 9986 9995 9996 9997 9998 10008 10009 10022 10035 10048 10049 10057 10058 10077 10126 10134 10135 10162 10177 10188 10189 10190 10236 10243 10253 10254 10267 10278 10279 10280 10292 10306 10313 10314 10315 10334 10355 10365 10366 10367 10382 10393 10416 10417 10429 10430 10437 10451 10463 10476 10488 10498 10504 10505 10506 10507 10519 10531 10532 10569 10583 10584 10585 10598 10599 10600 10609 10619 10632 10633 10634 10650 10663 10664 10665 10682 10683 10714 10715 10716 10733 10749 10755 10756 10765 10775 
	}
	manpower=0
	buildings_max_level_factor=1.000
	local_supplies=0.000
}
