state={
	id=174
	name="STATE_174"
	manpower = 60000000

	state_category = megalopolis

	history={
		add_core_of = DEL
		owner = DEL
	}
	provinces={
		76 179 185 241 259 374 380 396 570 610 615 648 686 714 734 739 856 908 963 1064 1069 1120 1270 1279 1363 1544 1569 1718 1933 1947 1987 2043 2164 2273 2322 2341 2466 2472 2659 2735 2813 2829 3072 3481 3516 3574 3597 3749 3799 3831 3952 3970 4198 4200 4270 4407 4471 4615 4678 4682 4683 4767 4784 4786 4808 4854 4893 4970 5138 5270 5282 5283 5350 5406 5414 5439 5456 5459 5465 5468 5511 5544 5615 5640 5698 5723 5761 5771 5930 5954 5977 6186 6259 6290 6302 6333 6358 6366 6399 6491 6558 6622 6633 6661 6667 6689 6766 6829 6888 6990 7047 7057 7098 7107 7173 7217 7232 7252 7262 7276 7430 7496 7515 7520 7559 7591 7656 7691 7727 7744 7804 7860 7862 7979 8023 8051 8138 8181 8187 8208 8236 8237 8246 8293 8303 8385 8450 8605 8624 8694 8722 8807 8914 8994 9026 9032 9154 9209 9224 9255 9257 9262 10858 10865 10932 10954 10970 10984 10992 11006 11015 11021 11025 11026 11027 11040 11051 11063 11064 11069 11081 11082 11083 11092 11103 11112 11121 11130 11131 11132 11142 11154 11155 11160 11161 11162 11174 11175 11186 11198 11214 11232 11233 11234 11235 11249 11250 11260 11261 11274 11275 11291 11292 11302 11310 11311 11312 11322 11323 11349 11350 11357 11370 11385 11386 11387 11388 11393 11394 11402 11403 11412 11426 11427 11433 11440 11441 11465 11466 11467 11468 11469 11479 11488 11501 11507 11508 11534 11535 11536 11544 11559 11576 11577 11578 11579 11590 11601 11614 11615 11627 11636 11637 11641 11642 11647 11654 11655 11664 11665 11666 11667 11668 11680 11681 11698 11715 11729 11730 11731 11732 11733 11734 11735 11746 11747 11748 11755 11779 11786 11787 11788 11796 11797 11806 11814 11815 11816 11817 11818 11819 11827 11828 11829 11830 11841 11842 11851 11865 11866 11872 11873 11874 11875 11876 11881 11882 11888 11889 11890 11896 11897 11902 11903 11904 11924 11925 11935 11946 11947 11958 11959 11960 11961 11965 11966 11980 11981 11991 11996 11997 11998 12005 12006 12007 12018 12019 12020 12021 12027 12032 12033 12039 12040 12045 12054 12055 12063 12064 12076 12077 12078 12079 12080 12087 12088 12089 12098 12111 12121 12122 12123 12134 12135 12136 12145 12146 12155 12161 12162 12163 12176 12177 12190 12191 12197 12198 12228 12237 12245 12247 12248 12249 12260 12284 12293 12331 12339 12354 12355 12401 12412 12413 12442 12494 
	}
	buildings_max_level_factor=1.000
}
