
state={
	id=212
	name="STATE_212"
	provinces={
		105 109 139 186 283 392 469 475 534 557 743 778 824 909 983 991 1041 1170 1187 1197 1210 1243 1277 1285 1311 1328 1345 1378 1383 1473 1559 1622 1629 1643 1747 1818 1940 1969 1999 2090 2139 2141 2167 2233 2277 2281 2324 2329 2380 2474 2546 2591 2601 2637 2663 2716 2721 2739 2797 2849 2876 2974 3000 3034 3073 3149 3155 3177 3183 3280 3301 3309 3370 3397 3462 3505 3529 3582 3707 3722 3754 3807 3829 3839 3858 3930 3936 3971 3987 4004 4025 4039 4084 4236 4248 4284 4290 4327 4354 4368 4456 4481 4488 4508 4553 4665 4688 4693 4751 4759 4784 4795 4797 4817 4820 4821 4823 4832 4843 4871 5065 5069 5151 5247 5256 5325 5333 5381 5389 5393 5406 5453 5550 5565 5566 5590 5640 5641 5650 5679 5680 5696 5704 5737 5805 5820 5841 5982 5991 5993 6033 6177 6233 6255 6339 6356 6367 6402 6457 6519 6544 6548 6567 6575 6579 6638 6652 6703 6728 6867 6900 6915 6980 7009 7044 7055 7117 7129 7136 7213 7219 7234 7270 7273 7338 7356 7358 7375 7395 7398 7403 9479 9480 9524 9538 9553 9577 9594 9604 9620 9625 9626 9655 9669 9687 9716 9717 9731 9761 9767 9775 9786 9804 9835 9836 9868 9869 9870 9900 9926 9939 9940 9948 9949 9960 9961 9975 9987 10010 10036 10037 10038 10050 10097 10098 10110 10136 10137 10163 10164 10178 10179 10191 10217 10218 10219 10244 10255 10268 10269 10293 10294 10307 10325 10326 10335 10344 10356 10357 10394 10405 10418 10419 10431 10432 10433 10438 10439 10440 10477 10478 10489 10499 10508 10509 10510 10511 10512 10520 10521 10533 10534 10555 10556 10577 10578 10587 10601 10610 10611 10612 10620 10642 10666 10667 10668 10684 10685 10698 10699 10717 10718 10735 10736 10737 10750 10768 10776 10777 10778 10783 10784 10796 10797 10808 10818 10827 10850 10851 10852 10860 10861 10869 10870 10871 10887 10905 10906 10912 10913 10924 10936 10943 10944 10945 10957 10958 10959 10968 10969 10972 10973 10985 11000 11014 11015 11031 11032 11033 11039 11040 11046 11047 11058 11059 11067 11068 11074 11080 11086 11087 11088 11094 11095 11096 11097 11098 11099 11113 11114 11126 11127 11128 11135 11136 11145 11154 11155 11164 11165 11166 11171 11172 11184 11185 11194 11202 11203 11243 11244 11245 11257 11258 11266 11278 11279 11295 11296 11297 11311 11312 11316 11317 11328 11329 11336 11367 11379 11408 11416 11443 11453 11464 11495 11525 
	}
	manpower=0
	buildings_max_level_factor=1.000
	local_supplies=0.000
}
