
state={
	id=234
	name="STATE_234"
	provinces={
		382 1119 1191 1509 1611 1728 1864 2209 2247 2278 2583 2854 3379 3404 3438 3541 3709 3774 3780 3794 3997 4384 4486 4637 4675 4838 5063 5112 5360 5410 5502 5627 5798 5965 6038 6133 6248 6434 6665 7030 7167 7232 7341 7390 9679 9759 9822 9897 9993 9994 10076 10125 10154 10155 10161 10208 10235 10242 10252 10277 10305 10333 10343 10392 10404 10427 10428 10461 10462 10475 10487 10497 10518 10530 10568 10597 10608 10618 10629 10630 10631 10662 10680 10681 10695 10696 10712 10713 10732 10747 10748 10754 10774 10782 10807 10817 10825 10826 10848 10867 10885 10894 10904 10954 10967 10983 10991 11038 11066 11085 11110 11111 11112 11125 11161 11193 11291 11292 11358 11405 11489 11552 11583 11613 11626 11700 
	}
	manpower=0
	buildings_max_level_factor=1.000
	local_supplies=0.000
}
