state={
	id=242
	name="STATE_242"
	manpower = 26000000

	state_category = megalopolis

	history={
		add_core_of = DEL
		owner = DEL
	}
	provinces={
		80 111 211 212 304 349 423 911 1054 1083 1197 1408 1427 1493 1821 1902 1971 1996 2000 2017 2080 2203 2226 2476 2500 2753 2816 2905 3016 3245 3292 3333 3399 3637 3838 3924 4003 4046 4051 4170 4319 4427 4527 4539 4611 4651 4662 4720 4782 4837 4915 5068 5076 5101 5155 5236 5274 5382 5832 5904 5925 5965 5992 6014 6134 6351 6373 6539 6548 6576 6663 6674 6893 6894 6916 6988 7046 7199 7213 7223 7249 7375 7427 7585 7586 7590 7634 7714 7724 7948 8069 8346 8370 8540 8568 9086 9121 9136 12246 12259 12307 12330 12356 12377 12381 12400 12432 12443 12462 12470 12480 12493 12516 12517 12524 12542 12561 12570 12601 12602 12609 12630 12636 12649 12650 12674 12675 12676 12683 12688 12699 12723 12724 12729 12738 12761 12769 12780 12781 12791 12792 12793 12813 12814 12829 12847 12857 12858 12867 12878 12890 12904 12905 12912 12919 12936 12946 12947 12965 12970 12971 12978 12992 13006 13007 13008 13021 13022 13023 13024 13032 13039 13049 13050 13064 13065 13073 13074 13083 13107 13108 13109 13125 13126 13135 13157 13158 13159 13165 13166 13186 13200 13201 13213 13219 13226 13227 13228 13251 13269 13270 13279 13280 13295 13319 13320 13321 13343 13344 13362 13376 13383 13390 13451 13465 13476 13499 13520 13547 
	}
	buildings_max_level_factor=1.000
}
