
state={
	id=268
	name="STATE_268"
	provinces={
		57 164 185 201 212 313 356 511 529 599 681 698 726 809 879 884 1021 1055 1063 1072 1084 1095 1169 1202 1251 1266 1346 1399 1432 1571 1586 1597 1607 1617 1631 1782 2006 2017 2019 2028 2029 2088 2140 2256 2347 2549 2618 2638 2654 2659 2672 2673 2688 2774 2842 2911 3001 3004 3066 3165 3176 3229 3281 3302 3305 3338 3355 3391 3407 3428 3476 3503 3524 3532 3559 3610 3685 3718 3749 3765 3802 3818 3892 3917 3928 3950 4057 4070 4075 4078 4079 4114 4137 4190 4232 4297 4309 4314 4318 4335 4366 4402 4430 4431 4441 4454 4495 4505 4514 4516 4532 4534 4560 4574 4624 4635 4643 4753 4774 4791 4878 4922 4966 4987 4992 5020 5036 5046 5081 5107 5116 5146 5186 5192 5212 5250 5257 5289 5315 5316 5376 5407 5409 5423 5454 5487 5491 5527 5533 5608 5613 5688 5711 5757 5790 5831 5866 5960 6002 6011 6014 6031 6035 6059 6078 6080 6120 6123 6153 6170 6217 6244 6303 6310 6345 6394 6428 6448 6463 6472 6536 6572 6580 6616 6637 6701 6702 6742 6784 6805 6825 6831 6842 6890 6908 6934 6940 6947 6949 6960 6979 7024 7037 7059 7077 7083 7180 7222 7226 7244 7252 7261 7307 7371 11153 11201 11242 11265 11272 11294 11309 11310 11343 11344 11359 11360 11377 11378 11387 11396 11397 11406 11407 11415 11440 11441 11442 11451 11452 11463 11473 11481 11491 11492 11493 11494 11506 11507 11508 11519 11526 11537 11538 11548 11549 11553 11563 11564 11565 11571 11574 11575 11576 11584 11585 11586 11592 11593 11601 11602 11614 11615 11629 11637 11638 11643 11644 11653 11654 11655 11656 11665 11676 11677 11678 11679 11680 11691 11692 11693 11694 11695 11701 11702 11703 11709 11710 11724 11725 11726 11727 11735 11741 11742 11751 11752 11753 11754 11760 11766 11767 11768 11777 11778 11779 11780 11789 11798 11799 11805 11806 11813 11823 11827 11828 11829 11830 11838 11845 11846 11847 11848 11849 11858 11859 11866 11867 11868 11869 11874 11875 11876 11881 11882 11883 11888 11889 11890 11896 11901 11902 11903 11904 11911 11912 11913 11920 11921 11922 11932 11933 11934 11940 11946 11949 11950 11951 11952 11953 11967 11968 11969 11970 11971 11981 11982 11983 11992 11993 11994 11995 11996 11997 12002 12003 12007 12008 12009 12013 12014 12015 12016 12017 12024 12025 12026 12027 12028 12029 12030 12031 12042 12043 12048 12049 12050 12051 12052 12053 12062 12066 12067 12068 12073 12074 12075 12076 12085 12086 12087 12088 12089 12094 12095 12103 12104 12108 12109 12110 12111 12119 12120 12127 12128 12135 12141 12142 12153 12159 12167 12168 12174 12175 12183 12184 12185 12189 12190 12191 12200 12201 12202 12210 12214 12215 12216 12224 12225 12230 12237 12238 12239 12250 12257 12258 12263 12264 12265 12272 12273 12282 12283 12289 12303 12304 12312 12313 12323 12324 12325 12332 12333 12334 12341 12345 12351 12357 12358 12374 12375 12384 12401 12402 12408 12409 12421 12422 12429 12430 12440 12441 12463 12464 12478 12479 12480 12481 12486 12494 12534 12541 12542 12551 12558 12559 12560 12619 12620 12634 12641 12673 12691 
	}
	manpower=0
	buildings_max_level_factor=1.000
	local_supplies=0.000
}
