
state={
	id=280
	name="STATE_280"
	provinces={
		48 54 96 136 148 187 234 276 388 405 478 507 544 647 696 722 764 801 1036 1044 1073 1090 1091 1094 1110 1118 1184 1226 1242 1252 1350 1485 1595 1727 1729 1739 1790 1814 1862 1973 2044 2077 2093 2135 2196 2258 2268 2307 2310 2312 2350 2364 2385 2402 2412 2481 2523 2692 2811 2878 2935 2952 2976 2985 3021 3022 3098 3121 3145 3152 3159 3198 3222 3254 3266 3318 3481 3548 3562 3566 3572 3660 3671 3674 3706 3740 3747 3772 3821 3846 3851 3870 3880 3986 4009 4133 4165 4166 4268 4380 4382 4408 4463 4563 4582 4636 4653 4710 4717 4754 4813 4842 4901 5002 5008 5040 5070 5104 5117 5168 5175 5208 5213 5215 5313 5400 5429 5474 5559 5634 5651 5695 5698 5713 5735 5769 5795 5838 5840 5857 6065 6094 6151 6160 6446 6563 6577 6691 6707 6754 6771 6848 6864 6893 6912 6995 7124 7146 7166 7204 7274 7300 7311 7339 7365 7377 11623 11633 11706 11730 11731 11738 11772 11773 11784 11795 11796 11803 11820 11841 11842 11862 11863 11893 11916 11917 11927 11938 11942 11947 11956 11962 11985 12005 12010 12021 12033 12034 12065 12081 12082 12083 12092 12117 12124 12138 12149 12150 12172 12208 12213 12219 12234 12242 12259 12260 12287 12292 12300 12301 12307 12308 12316 12330 12337 12364 12365 12366 12380 12381 12389 12396 12424 12444 12453 12488 12489 12499 12516 12530 12544 12553 12568 12574 12581 12598 12599 12600 12608 12628 12652 12653 12662 12663 12666 12697 12698 12704 12711 12720 12721 12728 12729 12735 12736 12750 12751 12755 12764 12770 12784 12802 12809 12810 12812 12820 12828 12829 12830 12838 12839 12847 12854 12855 12860 12861 12862 12863 12868 12872 12873 12874 12882 12895 12896 12898 12909 12910 12921 12930 12931 12938 12945 12946 12951 12952 12953 12962 12971 12979 12980 12982 12986 12989 13003 13008 13021 13029 13040 13054 13062 13067 13079 13083 13096 13099 13100 13101 13131 13142 13154 13155 13170 13186 13211 19475 
	}
	manpower=0
	buildings_max_level_factor=1.000
	local_supplies=0.000
}
