state={
	id=305
	name="STATE_305"
	manpower = 49285000

	state_category = megalopolis

	history={
		add_core_of = SAR
		owner = SAR
	}
	provinces={
		170 370 433 454 508 539 755 838 872 1002 1127 1409 1487 1489 1517 1589 1591 1659 1723 1725 1737 1760 1809 1847 1932 2177 2183 2264 2417 2451 2463 2539 2662 2863 2872 2985 3083 3099 3146 3156 3545 3569 3667 3685 4593 4766 4797 4832 4835 4911 4972 4987 5073 5075 5114 5125 5140 5158 5244 5322 5498 5537 5576 5656 5834 5849 5923 6076 6353 6386 6448 6498 6595 6803 6816 6881 6920 7006 7151 7222 7264 7272 7326 7367 7423 7489 7527 7554 7587 7605 7618 7651 7690 7810 7937 7944 7999 8146 8184 8262 8278 8473 8475 8541 8546 8549 8563 8627 8665 8777 8800 8814 8854 8873 8881 8901 8945 8970 8998 9078 9281 13637 13723 13744 13789 13810 13823 13849 13876 13900 13923 13945 13973 13987 14004 14005 14006 14047 14056 14057 14067 14077 14109 14131 14158 14159 14207 14225 14226 14300 14310 14341 14354 14376 14377 14386 14401 14428 14429 14442 14443 14448 14460 14461 14462 14481 14491 14500 14515 14516 14529 14530 14540 14563 14570 14571 14581 14587 14588 14601 14614 14626 14647 14648 14655 14663 14671 14672 14684 14708 14709 14710 14721 14722 14729 14730 14738 14751 14759 14760 14761 14766 14767 14786 14796 14804 14805 14812 14813 14835 14836 14846 14847 14861 14872 14885 14903 14909 14920 14921 14937 14938 14939 14940 14941 14942 14957 14981 14982 14983 14992 15006 15007 15016 15022 15035 15042 15043 15052 15061 15071 15072 15086 15087 15088 15094 15095 15109 15110 15114 15130 15136 15153 15154 15160 15178 15179 15180 15196 15206 15207 15219 15220 15225 15226 15254 15265 15275 15276 15277 15326 15327 15336 15344 15359 
	}
	buildings_max_level_factor=1.000
}
