
state={
	id=335
	name="STATE_335"
	provinces={
		61 474 518 924 1071 1138 1259 1333 1373 1396 1407 1453 1710 1883 2225 2352 2383 2580 2622 2839 2851 2910 2995 3278 3475 3755 3838 3995 4498 4568 4712 4756 4827 4883 4935 5058 5075 5320 5435 5536 5657 6091 6283 6464 6962 6967 7029 7074 7275 13217 13240 13247 13268 13278 13281 13284 13285 13286 13296 13310 13324 13332 13333 13342 13343 13358 13365 13366 13382 13388 13413 13426 13427 13436 13440 13456 13465 13474 13475 13476 13486 13505 13513 13514 13518 13538 13539 13557 13558 13570 13571 13580 13581 13598 13605 13616 13636 13649 13656 13657 13683 13688 13702 13708 13709 13715 13719 13729 13745 13755 13756 13773 13797 13798 13799 13825 13829 13837 13840 13847 13855 13857 13871 13882 13883 
	}
	manpower=0
	buildings_max_level_factor=1.000
	local_supplies=0.000
}
