
state={
	id=36
	name="STATE_36"
	provinces={
		8 21 64 107 131 132 177 255 315 318 319 326 364 396 401 462 484 494 495 499 501 502 513 593 596 636 642 645 648 659 667 683 729 739 838 844 846 860 925 964 978 995 1014 1037 1042 1087 1207 1262 1271 1331 1340 1343 1411 1499 1504 1554 1610 1632 1644 1659 1667 1687 1688 1709 1751 1755 1778 1787 1828 1877 1898 1907 1975 1991 2004 2015 2036 2051 2055 2105 2109 2132 2144 2154 2176 2186 2214 2265 2272 2276 2283 2300 2319 2320 2325 2428 2461 2487 2556 2578 2636 2684 2696 2726 2731 2733 2734 2771 2773 2777 2798 2819 2824 2831 2861 2883 2905 2950 2980 2989 2994 2996 3014 3052 3094 3154 3163 3204 3242 3247 3251 3274 3357 3375 3427 3465 3493 3561 3581 3598 3619 3642 3658 3665 3672 3676 3695 3719 3759 3901 3910 3929 3945 3974 3977 3998 4001 4030 4033 4037 4048 4058 4081 4132 4141 4144 4145 4185 4218 4273 4280 4300 4316 4348 4352 4391 4423 4457 4479 4482 4503 4528 4562 4581 4587 4603 4607 4609 4648 4659 4739 4761 4762 4775 4783 4785 4786 4814 4822 4845 4859 4860 4882 4888 4900 4921 4952 4963 4964 4968 5012 5022 5031 5084 5092 5098 5140 5204 5230 5232 5244 5262 5265 5272 5274 5300 5357 5366 5373 5385 5437 5440 5442 5499 5506 5507 5523 5526 5531 5562 5620 5624 5629 5643 5646 5670 5672 5697 5709 5716 5717 5721 5783 5791 5801 5809 5837 5844 5883 5912 5913 5914 5975 5996 6003 6008 6081 6084 6121 6141 6224 6232 6251 6259 6277 6295 6300 6326 6332 6435 6439 6449 6453 6461 6487 6498 6500 6506 6510 6547 6566 6573 6584 6603 6614 6656 6681 6695 6741 6750 6761 6777 6778 6794 6812 6826 6837 6843 6850 6869 6873 6876 6881 6887 6897 6905 6910 6966 6983 6986 6988 7018 7040 7058 7073 7093 7122 7142 7150 7151 7168 7179 7185 7192 7200 7203 7207 7229 7237 7248 7285 7288 7306 7312 7332 7336 7347 7355 7362 7384 7400 7477 7478 7480 7491 7493 7494 7502 7506 7507 7512 7517 7523 7527 7534 7541 7544 7545 7548 7552 7553 7564 7566 7569 7570 7575 7580 7583 7584 7585 7586 7588 7590 7598 7600 7601 7603 7604 7605 7607 7608 7609 7610 7611 7612 7613 7615 7616 7618 7619 7622 7623 7625 7626 7630 7631 7632 7633 7634 7635 7636 7639 7640 7642 7644 7646 7647 7650 7651 7653 7657 7658 7659 7660 7661 7662 7670 7673 7674 7675 7676 7677 7678 7682 7683 7691 7692 7693 7694 7699 7700 7702 7703 7706 7707 7708 7709 7712 7714 7715 7716 7717 7721 7726 7728 7729 7730 7735 7736 7737 7738 7739 7741 7742 7743 7744 7745 7749 7750 7753 7754 7755 7756 7757 7761 7766 7769 7770 7771 7772 7773 7774 7776 7777 7778 7779 7780 7783 7784 7787 7790 7792 7794 7795 7801 7802 7803 7806 7807 7813 7814 7815 7816 7817 7820 7821 7822 7824 7825 7826 7827 7831 7832 7835 7839 7840 7841 7842 7844 7845 7846 7851 7852 7855 7861 7862 7863 7867 7868 7871 7872 7873 7876 7877 7878 7881 7882 7883 7884 7887 7891 7892 7893 7894 7895 7900 7901 7902 7903 7904 7907 7908 7912 7913 7915 7916 7919 7920 7924 7925 7926 7927 7928 7930 7931 7937 7938 7939 7940 7941 7942 7946 7947 7948 7951 7954 7958 7962 7963 7964 7965 7966 7970 7971 7972 7973 7974 7975 7976 7979 7980 7982 7983 7986 7989 7990 7991 7995 7996 7997 7998 7999 8000 8004 8007 8011 8013 8014 8016 8017 8019 8020 8021 8022 8026 8027 8028 8031 8032 8038 8039 8046 8049 8050 8051 8052 8057 8058 8059 8060 8061 8062 8063 8064 8065 8069 8075 8077 8078 8079 8080 8081 8083 8085 8086 8087 8090 8091 8092 8093 8094 8095 8100 8101 8105 8108 8109 8113 8114 8115 8118 8119 8121 8122 8123 8124 8128 8131 8132 8133 8136 8137 8138 8139 8140 8142 8143 8145 8146 8149 8152 8153 8154 8158 8159 8160 8162 8163 8168 8170 8171 8172 8173 8177 8178 8179 8180 8183 8185 8186 8188 8190 8191 8192 8194 8195 8204 8205 8210 8211 8212 8213 8217 8220 8221 8222 8223 8225 8227 8233 8235 8236 8237 8239 8240 8241 8243 8244 8245 8249 8251 8255 8258 8261 8262 8263 8265 8268 8269 8270 8272 8273 8275 8276 8286 8289 8290 8291 8298 8299 8302 8303 8307 8308 8309 8313 8314 8317 8318 8321 8325 8326 8330 8334 8335 8338 8339 8340 8344 8345 8346 8347 8355 8363 8366 8373 8374 8376 8377 8382 8383 8384 8388 8393 8398 8409 8410 8421 8431 8434 8437 8443 8445 8456 8460 8466 8471 8478 8483 8501 8502 8509 8510 8511 8524 8525 8527 8547 8548 8553 8555 8569 8570 8571 8580 8591 8597 8604 8605 8617 8625 8636 8645 8679 8719 8752 8757 8795 8821 8855 
	}
	manpower=0
	buildings_max_level_factor=1.000
	local_supplies=0.000
}
