
state={
	id=374
	name="STATE_374"
	provinces={
		59 81 194 280 337 436 720 769 965 1096 1133 1245 1325 1365 1374 1410 1472 1498 1605 1840 1872 1876 1937 1949 1966 1996 1997 2095 2127 2128 2171 2203 2205 2207 2351 2405 2565 2596 2640 2709 2917 3025 3119 3212 3227 3235 3241 3453 3597 3652 3703 3713 3717 3735 3779 3884 3906 3966 4176 4210 4258 4271 4455 4490 4615 4736 4748 4788 4875 4889 4903 4924 4925 5067 5096 5137 5187 5220 5441 5456 5539 5540 5548 5612 5748 5766 5823 5849 5856 5872 5895 5929 5942 5949 6046 6116 6152 6173 6240 6381 6527 6542 6543 6555 6583 6610 6623 6693 6696 6740 6782 6909 6919 6971 6992 7054 7066 7158 7255 7264 7316 7321 7330 7386 13182 13185 13200 13201 13224 13232 13237 13248 13249 13263 13264 13269 13282 13288 13289 13292 13297 13298 13311 13315 13316 13320 13321 13322 13326 13327 13328 13334 13339 13345 13346 13350 13351 13352 13354 13355 13359 13363 13368 13371 13372 13378 13385 13386 13389 13390 13393 13394 13395 13402 13407 13408 13409 13415 13420 13421 13424 13429 13432 13433 13438 13441 13442 13443 13450 13451 13457 13461 13467 13468 13469 13471 13472 13477 13481 13493 13494 13495 13501 13502 13507 13508 13511 13512 13515 13516 13523 13524 13525 13526 13527 13528 13531 13534 13535 13536 13540 13547 13548 13549 13551 13552 13553 13554 13561 13562 13566 13567 13568 13573 13583 13584 13585 13586 13587 13590 13591 13596 13597 13599 13600 13601 13604 13608 13613 13619 13620 13621 13622 13624 13625 13626 13628 13629 13630 13631 13632 13633 13638 13641 13653 13658 13659 13660 13661 13663 13664 13665 13668 13669 13670 13671 13679 13685 13690 13691 13695 13696 13699 13700 13704 13705 13711 13716 13731 13734 13735 13736 13741 13742 13750 13757 13758 13759 13772 13774 13775 13782 13789 13792 13793 13808 13809 13810 13811 13816 13820 13824 13826 13827 13828 13831 13835 13841 13848 13859 13860 13885 13891 13894 13905 13909 
	}
	manpower=0
	buildings_max_level_factor=1.000
	local_supplies=0.000
}
