
state={
	id=418
	name="STATE_418"
	provinces={
		20 23 67 140 180 227 411 482 492 497 678 688 721 758 866 871 880 931 1005 1143 1164 1237 1514 1815 1866 2050 2228 2231 2262 2386 2515 2525 2847 2999 3100 3365 3510 3519 3641 3763 4221 4338 4353 4493 4601 4662 4680 4767 4779 5080 5465 5494 5694 5744 5770 5967 6111 6176 6294 6395 6408 6422 6624 6719 13907 13927 13929 13930 13934 13941 13949 13953 13957 13969 13976 13992 13993 13996 13998 14003 14009 14011 14015 14016 14024 14031 14036 14040 14081 14088 14089 14093 14094 14096 14097 14098 14100 14102 14103 14104 14106 14110 14112 14114 14125 14126 14133 14137 14139 14162 
	}
	manpower=0
	buildings_max_level_factor=1.000
	local_supplies=0.000
}
