
state={
	id=450
	name="STATE_450"
	provinces={
		144 151 188 309 415 441 449 522 533 542 545 592 614 633 638 650 712 765 895 928 958 969 1007 1113 1319 1401 1427 1478 1479 1535 1576 1707 1749 1784 1842 1924 1930 2038 2042 2086 2092 2193 2224 2295 2303 2369 2371 2416 2476 2548 2615 2660 2770 2914 3092 3223 3285 3329 3362 3387 3421 3443 3452 3563 3596 3764 3809 3916 3956 4069 4120 4138 4565 4666 4798 5045 5066 5133 5328 5549 5600 5683 5712 5826 5988 6287 6492 6518 6883 7387 14101 14107 14109 14111 14113 14115 14116 14118 14119 14120 14121 14122 14123 14124 14127 14129 14130 14132 14135 14136 14142 14155 14157 14159 14175 14176 14186 14201 14208 14221 14222 
	}
	manpower=0
	buildings_max_level_factor=1.000
	local_supplies=0.000
}
