
state={
	id=463
	name="STATE_463"
	provinces={
		28 53 90 269 336 444 537 559 561 597 600 631 703 759 787 986 1028 1035 1068 1126 1208 1214 1227 1330 1351 1375 1390 1392 1397 1439 1471 1483 1503 1718 1861 1865 1909 1916 2008 2030 2107 2199 2336 2447 2649 2666 2681 2694 2751 2822 2886 3020 3039 3044 3068 3091 3124 3125 3143 3180 3191 3294 3299 3400 3406 3420 3450 3459 3469 3494 3508 3511 3542 3546 3594 3630 3691 3724 3743 3806 3855 3937 3942 4014 4050 4139 4182 4183 4201 4203 4209 4235 4286 4329 4349 4373 4374 4378 4453 4509 4547 4557 4588 4638 4692 4721 4850 4857 4960 5082 5085 5135 5298 5306 5351 5372 5450 5459 5468 5603 5618 5626 5642 5653 5687 5747 5776 5802 5842 5896 5908 5985 5989 6171 6186 6212 6215 6216 6236 6242 6358 6426 6653 6666 6697 6714 6745 6774 6820 6834 6838 6895 6948 6975 7008 7013 7033 7085 7123 7134 7381 7391 7405 14134 14138 14140 14141 14143 14144 14145 14146 14148 14149 14150 14151 14152 14153 14154 14156 14158 14161 14163 14164 14165 14166 14168 14169 14170 14171 14172 14174 14178 14180 14181 14184 14185 14187 14188 14189 14192 14193 14195 14196 14199 14200 14203 14204 14205 14206 14209 14211 14212 14213 14214 14216 14217 14218 14219 14220 14223 14224 14225 14226 14227 14228 14229 14230 14232 14233 14234 14235 14236 14238 14239 14240 14241 14242 14243 14244 14247 14248 14249 14251 14252 14255 14256 14257 14258 14260 14261 14262 14263 14264 14266 14268 14269 14274 14275 14276 14277 14278 14279 14282 14284 14285 14287 14290 14291 14295 14296 14299 14301 14304 14309 14312 14313 14315 14320 14322 14325 14326 14327 14328 14332 14333 14335 14347 14348 14349 14354 14355 14356 14361 14367 14373 14377 14382 14383 14387 14390 14391 14399 14400 14410 14411 14412 14413 14414 14423 14430 14436 14450 14458 14474 14483 14486 14487 14496 14497 14515 14524 14533 14538 14543 14614 
	}
	manpower=0
	buildings_max_level_factor=1.000
	local_supplies=0.000
}
