
state={
	id=495
	name="STATE_495"
	provinces={
		3 19 34 35 45 52 86 87 99 112 119 138 162 182 195 199 210 297 339 341 374 380 404 416 419 432 442 491 531 576 608 637 655 723 728 755 804 812 872 878 892 901 918 923 934 935 1001 1011 1024 1107 1176 1192 1209 1273 1320 1341 1361 1388 1404 1431 1436 1454 1461 1466 1549 1574 1581 1613 1633 1645 1649 1652 1675 1676 1725 1734 1737 1752 1753 1817 1834 1867 1886 1889 1927 1938 1953 1998 2000 2009 2033 2071 2080 2104 2113 2119 2147 2164 2175 2185 2212 2280 2306 2342 2368 2379 2399 2453 2483 2499 2501 2539 2545 2563 2566 2587 2593 2595 2679 2707 2714 2748 2806 2835 2853 2933 2940 2943 2961 3008 3024 3050 3062 3089 3116 3120 3146 3150 3200 3202 3234 3238 3248 3256 3265 3271 3289 3296 3298 3346 3356 3369 3377 3434 3514 3531 3570 3618 3633 3649 3653 3700 3736 3781 3791 3805 3824 3833 3885 3897 3902 3911 3926 3941 3964 3975 3985 4003 4092 4093 4102 4136 4170 4245 4246 4270 4274 4276 4278 4279 4350 4379 4390 4470 4475 4499 4506 4570 4628 4631 4678 4682 4684 4690 4713 4732 4752 4770 4773 4789 4803 4816 4846 4895 4927 4974 4978 4994 5014 5018 5034 5035 5051 5056 5106 5154 5188 5201 5206 5227 5264 5278 5283 5295 5314 5348 5352 5387 5396 5438 5463 5467 5496 5563 5571 5656 5662 5710 5715 5718 5724 5726 5740 5775 5868 5869 5889 5901 5915 5964 6016 6019 6021 6082 6124 6148 6164 6204 6206 6230 6246 6301 6302 6336 6360 6385 6387 6399 6470 6522 6530 6552 6571 6601 6611 6627 6644 6659 6678 6706 6724 6734 6736 6763 6793 6852 6854 6868 6938 6959 6984 6994 7043 7051 7081 7091 7175 7194 7220 7250 7342 7361 7388 14298 14318 14319 14324 14336 14342 14346 14359 14360 14371 14381 14386 14394 14395 14402 14406 14407 14408 14422 14426 14434 14435 14438 14443 14447 14448 14456 14460 14472 14480 14485 14492 14505 14506 14514 14517 14527 14535 14536 14540 14546 14547 14554 14555 14567 14575 14579 14580 14586 14587 14599 14611 14612 14619 14621 14627 14632 14641 14642 14656 14657 14661 14668 14669 14673 14680 14681 14689 14693 14694 14695 14703 14706 14712 14713 14714 14719 14724 14727 14731 14732 14734 14735 14742 14743 14744 14749 14750 14767 14768 14772 14778 14781 14787 14789 14795 14798 14801 14804 14805 14809 14820 14821 14822 14825 14826 14834 14838 14841 14843 14845 14849 14851 14853 14864 14865 14868 14869 14875 14876 14878 14885 14886 14894 14895 14900 14902 14908 14911 14913 14914 14917 14922 14925 14934 14935 14941 14947 14950 14951 14953 14957 14959 14964 14969 14970 14974 14979 14990 14991 14994 14997 14999 15003 15004 15005 15006 15013 15014 15016 15019 15021 15028 15030 15034 15035 15039 15042 15044 15045 15049 15050 15053 15054 15059 15063 15064 15065 15069 15074 15078 15083 15084 15090 15092 15093 15100 15103 15112 15113 15116 15120 15122 15124 15126 15128 15129 15136 15138 15139 15140 15144 15145 15149 15154 15156 15161 15162 15163 15164 15165 15166 15167 15169 15172 15173 15174 15178 15179 15180 15183 15184 15186 15189 15190 15192 15194 15195 15196 15198 15199 15200 15201 15206 15207 15210 15212 15214 15215 15216 15221 15223 15225 15228 15229 15231 15232 15236 15237 15238 15239 15240 15241 15242 15243 15246 15248 15250 15251 15255 15256 15257 15259 15260 15261 15262 15263 15265 15266 15267 15268 15270 15271 15273 15276 15277 15279 15282 15285 15286 15287 15288 15291 15293 15294 15297 15300 15301 15303 15304 15306 15310 15311 15312 15313 15314 15315 15316 15318 15320 15321 15322 15323 15324 15325 15326 15327 15329 15330 
	}
	manpower=0
	buildings_max_level_factor=1.000
	local_supplies=0.000
}
