
state={
	id=535
	name="STATE_535"
	provinces={
		26 322 489 517 657 882 888 1025 1101 1372 1435 1598 1602 1760 1801 2178 2744 2815 2964 3196 3360 3628 4319 4323 4440 4564 4696 4806 5335 5488 5556 5575 5727 5728 6096 6243 6357 6520 6569 6791 6936 6950 6974 14989 15024 15025 15036 15046 15047 15066 15071 15088 15101 15105 15114 15147 15157 15168 15181 15187 15193 15203 15208 15213 15218 15226 15230 15233 15244 15253 15258 15264 15269 15272 
	}
	manpower=0
	buildings_max_level_factor=1.000
	local_supplies=0.000
}
