
state={
	id=84
	name="STATE_84"
	provinces={
		189 550 629 781 864 881 915 936 939 1020 1038 1051 1070 1124 1272 1276 1338 1414 1419 1530 1545 1596 1642 1658 1660 1697 1698 1700 1720 1759 1764 1807 1993 2003 2020 2059 2065 2130 2206 2219 2236 2279 2314 2391 2503 2589 2611 2631 2677 2757 2785 2832 2881 2901 2942 2992 3010 3011 3054 3134 3220 3232 3295 3323 3351 3495 3507 3518 3534 3609 3632 3636 3721 3751 3820 3862 3876 3921 3996 4042 4146 4157 4193 4264 4294 4321 4337 4589 4617 4670 4683 4702 4749 4764 4848 4853 4898 4965 4985 5043 5055 5083 5105 5131 5148 5209 5231 5420 5510 5525 5594 5602 5622 5623 5785 5882 5892 5904 5972 5973 6017 6069 6074 6105 6129 6146 6293 6316 6317 6318 6379 6407 6427 6485 6541 6574 6587 6591 6634 6682 6683 6684 6686 6752 6753 6783 6790 6888 6931 6933 7021 7106 7112 7113 7138 7139 7214 7227 7284 7320 7333 7354 7537 7573 7574 7581 7592 7624 7643 7668 7679 7686 7687 7689 7705 7711 7720 7724 7763 7786 7791 7796 7797 7811 7830 7849 7850 7859 7885 7889 7898 7911 7923 7935 7944 7950 7953 7961 7977 7985 7994 8006 8009 8010 8012 8018 8030 8034 8035 8036 8037 8043 8044 8045 8048 8055 8056 8074 8084 8097 8098 8099 8104 8117 8120 8129 8130 8135 8144 8147 8148 8150 8156 8157 8165 8175 8182 8193 8198 8199 8200 8201 8202 8208 8209 8219 8224 8232 8238 8246 8247 8248 8256 8260 8266 8279 8282 8284 8293 8296 8311 8316 8322 8328 8329 8332 8333 8343 8350 8354 8360 8361 8372 8391 8400 8405 8406 8407 8412 8414 8419 8420 8424 8425 8429 8439 8440 8441 8453 8454 8481 8482 8488 8489 8496 8519 8520 8522 8523 8536 8541 8545 8565 8566 8609 8610 8611 8623 8659 8704 8714 8767 
	}
	manpower=0
	buildings_max_level_factor=1.000
	local_supplies=0.000
}
