
strategic_region={
	id=13
	name="STRATEGICREGION_13"
	provinces={
		323 567 585 616 622 677 780 889 1615 1776 1885 2550 2582 2682 2841 2873 3036 3307 3668 3723 4064 4098 4778 4804 4835 4851 4956 5099 5114 5194 5290 5336 5484 5998 6076 6447 6564 6608 6612 6749 6824 13615 13642 13655 13673 13693 13697 13701 13718 13725 13753 13761 13766 13768 13776 13784 13795 13796 13822 13833 13846 13854 13863 13864 13867 13868 13879 13880 13881 13887 13892 13897 13901 13910 13911 13912 13914 13917 13923 13931 13932 13936 13942 13958 15625 15631 15636 
	}
	weather={
	}
}
