
strategic_region={
	id=17
	name="STRATEGICREGION_17"
	provinces={
		848 972 1050 1135 1370 1526 2016 2032 2074 2091 2103 2126 2458 2635 2761 2877 3023 3029 3233 3353 3527 3688 3874 3883 3912 4015 4263 4392 4591 4685 4959 5000 5473 5609 5834 5891 5953 6055 6060 6108 6264 6515 6592 6661 6700 6832 6884 6942 6945 7014 7060 7111 7305 12161 12177 12186 12192 12204 12211 12245 12275 12326 12348 12376 12377 12385 12386 12417 12442 12449 12467 12472 12495 12505 12521 12529 12563 12580 12587 12606 12623 12624 12642 12650 12665 12684 12695 12700 12716 12717 12743 12754 12759 12760 12767 12768 12777 12778 12806 12834 12849 12850 12856 12859 12880 12887 12888 12892 12903 12904 12911 12919 12927 12928 12942 12955 12968 12969 12985 12998 13002 13033 13057 13070 15590 15591 15597 
	}
	weather={
	}
}
