
strategic_region={
	id=18
	name="STRATEGICREGION_18"
	provinces={
		403 607 1151 1270 1443 1640 1678 2152 2200 2392 2393 2403 2451 2921 2928 3104 3498 3549 3776 3831 3890 4005 4381 4975 4979 5158 5184 5490 6103 6132 6147 6380 6436 6642 6833 6973 7155 7157 7409 12456 12465 12470 12511 12561 12571 12594 12604 12612 12621 12646 12657 12658 12664 12682 12692 12710 12715 12734 12740 12741 12748 12753 12775 12776 12780 12781 12789 12790 12791 12799 12800 12815 12819 12823 12824 12833 12858 12866 12902 12908 12917 12918 12926 12941 12949 12966 12967 12981 12997 13001 13011 13015 13016 13027 13032 13039 13043 13046 13056 13073 
	}
	weather={
	}
}
