
strategic_region={
	id=19
	name="STRATEGICREGION_19"
	provinces={
		786 1052 1178 1188 1286 1517 2621 2962 3085 3268 3386 3537 4128 4472 4995 5121 5214 5329 5343 5573 5774 5787 5963 6100 6107 6363 6489 6514 6632 6785 6920 6991 7017 7241 7394 7407 9414 9464 9465 9472 9519 9525 9544 9564 9565 9585 9586 9606 9630 9631 9632 9633 9634 9656 9657 9658 9671 9696 9697 9707 9718 9733 9750 9777 9789 9800 9805 9806 9812 9826 9838 9846 9860 9861 9872 9882 9891 9892 9942 9951 9952 9962 9963 9977 9978 10040 10061 10079 10080 10143 10156 10157 10209 10221 10238 15474 
	}
	weather={
	}
}
