
strategic_region={
	id=21
	name="STRATEGICREGION_21"
	provinces={
		313 566 692 761 975 1021 1055 1063 1202 1218 1346 1523 1617 1631 1779 2029 2197 2241 2256 2573 2618 2659 2672 2774 2776 2844 2874 2919 3269 3476 3512 3560 3685 3715 3818 3918 3963 4057 4079 4107 4190 4254 4366 4635 5036 5116 5166 5253 5307 5315 5319 5338 5572 5711 5730 5797 5905 5917 5946 6035 6070 6165 6217 6345 6472 6637 6702 6960 7077 7083 7187 7252 7261 7340 7368 11848 11849 11868 11869 11876 11877 11883 11884 11890 11904 11913 11922 11923 11924 11935 11940 11953 11959 11971 11972 11983 11997 11998 12009 12014 12015 12016 12017 12031 12036 12043 12053 12054 12062 12069 12075 12076 12077 12088 12089 12090 12095 12096 12111 12112 12121 12128 12129 12136 12137 12142 12143 12153 12160 12168 12169 12176 12201 12202 12203 12215 12216 12217 12231 12232 12244 12258 12265 12274 12284 12304 12325 12333 12334 12346 12347 12352 12358 12359 12360 12402 12403 12404 12410 12423 12448 12466 12471 12512 12513 12520 12562 12572 12605 12613 12622 12635 12659 12674 12683 12742 
	}
	weather={
	}
}
