
strategic_region={
	id=22
	name="STRATEGICREGION_22"
	provinces={
		448 707 944 1136 1205 1265 1516 2274 2302 2491 2628 2866 3208 3213 3297 3412 3849 3859 4168 4398 4711 4849 4856 5203 5380 5492 5581 5632 5667 5819 5909 6088 6139 6364 6411 6713 7170 7269 7322 7385 12018 12055 12063 12078 12079 12097 12113 12122 12144 12145 12154 12178 12193 12194 12205 12206 12212 12218 12233 12240 12251 12252 12276 12290 12297 12298 12314 12327 12353 12361 12362 12378 12393 12394 12411 12412 12450 12473 12482 12496 12514 12522 12523 12535 12536 12564 12588 12607 12636 12637 12701 12744 12761 12762 12835 12836 15594 
	}
	weather={
	}
}
