
strategic_region={
	id=29
	name="STRATEGICREGION_29"
	provinces={
		14 124 524 578 1049 1230 1289 1654 1657 2054 2436 2456 2790 2867 3086 3161 3283 3600 3716 4034 4099 4122 4548 4559 4633 4864 5317 5364 5649 5668 5739 5784 5794 5796 6231 6420 6493 6538 6903 7193 7291 7313 9445 9446 9545 9555 9556 9567 9608 9609 9640 9648 9649 9693 9699 9709 9734 9742 9743 9791 9814 9815 9816 9839 9840 9847 9873 9874 9875 9883 9884 9893 9894 9904 9929 9930 9931 9932 9943 9955 9979 10003 10024 10025 10042 10043 10062 10063 10064 10065 10092 10102 10103 10113 10114 10144 10158 10183 10195 10201 10202 10223 10224 10273 10284 10298 10309 10347 10408 10421 15493 
	}
	weather={
	}
}
