
strategic_region={
	id=30
	name="STRATEGICREGION_30"
	provinces={
		2 6 253 268 288 727 752 1233 1497 1774 1914 2165 2230 2232 2424 2678 2791 2800 2931 2957 3435 3613 3731 3768 3792 3810 3866 3991 4103 4116 4230 4255 4295 4446 4518 4623 4625 4945 5147 5157 5172 5362 5414 5649 6249 6297 6324 6349 6416 6557 6618 6889 7022 7063 7183 7206 7258 7323 9149 9198 9240 9243 9249 9250 9269 9280 9290 9297 9299 9305 9316 9325 9326 9330 9331 9332 9348 9360 9361 9374 9407 9408 9432 9440 9441 9442 9443 9444 9470 9473 9474 9492 9493 9501 9502 9526 9527 9540 9554 9566 9587 9596 9607 9614 9659 9660 9692 9698 9708 9741 9770 9790 9813 9903 15477 19511 19512 19513 19514 19515 19516 19517 19518 19519 19520 19521 19522 19523 19524 19525 19526 19527 19528 19529 19530 19531 19532 19533 19534 19535 19536 19537 
	}
	weather={
	}
}
