
strategic_region={
	id=32
	name="STRATEGICREGION_32"
	provinces={
		435 463 602 661 1125 1134 1409 2061 2112 2143 2146 2187 2269 2430 2656 3244 3496 3516 3573 3604 3970 4427 4841 4973 5109 5153 5368 5500 5574 5655 5753 5907 5966 6280 6348 6373 6776 6804 6830 6946 7069 7144 7215 7310 7378 12640 12655 12709 12713 12714 12747 12758 12788 12817 12822 12842 12843 12869 12885 12886 12891 12900 12905 12906 12916 12934 12937 12940 12954 12961 12965 12975 12976 12977 12988 12995 12996 13000 13006 13009 13010 13013 13014 13022 13026 13031 13037 13038 13041 13042 13050 13061 13063 13064 13071 13072 13075 13077 13081 13082 13085 13086 13090 13092 13094 13097 13103 13105 13106 13107 13110 13119 13120 13121 13122 13123 13128 13129 13135 13137 13139 13143 13144 13150 13157 
	}
	weather={
	}
}
