
strategic_region={
	id=34
	name="STRATEGICREGION_34"
	provinces={
		334 356 525 682 689 980 1084 1168 1236 1354 1403 1852 1857 1904 2028 2060 2293 2354 2517 2955 3366 3373 3477 3557 3586 3621 3786 3802 4075 4113 4148 4233 4261 4335 4534 4560 4667 4694 4738 4791 5053 5212 5271 5407 5409 5617 5654 5681 5846 5867 5960 6002 6044 6104 6120 6155 6308 6394 6428 6465 6474 6735 6934 6940 6947 6977 7118 7126 7346 7392 12094 12103 12104 12166 12189 12199 12236 12249 12256 12295 12296 12310 12311 12322 12345 12351 12356 12370 12371 12372 12373 12382 12383 12384 12400 12401 12408 12420 12421 12425 12426 12427 12428 12429 12438 12439 12440 12447 12462 12463 12464 12478 12479 12485 12486 12492 12493 12510 12528 12533 12539 12540 12541 12542 12548 12549 12550 12557 12558 12578 12579 12592 12593 12603 12609 12610 12611 12616 12617 12618 12619 12620 12633 12634 12641 12645 12656 12671 12672 12673 12681 12691 12694 12725 12726 12733 12738 12739 12766 12774 12805 12818 12844 12852 12870 12879 12901 12907 12943 
	}
	weather={
	}
}
