
strategic_region={
	id=36
	name="STRATEGICREGION_36"
	provinces={
		57 185 529 599 681 726 809 1072 1095 1169 1251 1399 1586 1607 1782 2006 2017 2019 2088 2140 2347 2638 2654 2673 2688 2842 2911 3004 3066 3165 3176 3302 3355 3391 3428 3503 3524 3532 3559 3610 3917 4070 4137 4309 4314 4402 4430 4431 4441 4454 4495 4505 4514 4624 4753 4774 4878 4922 4966 4992 5081 5107 5186 5250 5257 5381 5454 5487 5491 5533 5608 5613 5688 5757 5790 5866 6011 6014 6031 6078 6080 6303 6310 6448 6536 6572 6616 6701 6742 6784 6805 6831 6890 6908 6949 6979 7037 7180 7226 7244 11367 11387 11397 11407 11442 11443 11473 11481 11494 11507 11508 11519 11526 11548 11549 11564 11565 11575 11576 11586 11592 11593 11602 11615 11637 11638 11644 11656 11665 11692 11693 11694 11695 11703 11709 11710 11725 11726 11727 11735 11742 11753 11754 11760 11767 11768 11778 11779 11780 11789 11799 11805 11806 11829 11830 11838 11846 11847 11866 11867 11875 11888 11889 11896 11911 11912 11920 11921 11932 11933 11934 11946 11951 11952 11969 11970 11982 11993 11994 11995 11996 12002 12003 12013 12026 12027 12028 12029 12030 12042 12050 12051 12052 12066 12067 12068 12073 12074 12085 12086 12087 12109 12110 12120 12127 12135 12141 12159 12167 12174 12175 12183 12184 12185 12190 12191 12200 12210 12214 12224 12225 12230 12237 12238 12239 12250 12257 12263 12264 12272 12273 12282 12283 12289 12303 12312 12313 12323 12324 12332 12341 12357 19476 
	}
	weather={
	}
}
