
strategic_region={
	id=37
	name="STRATEGICREGION_37"
	provinces={
		109 392 469 743 1041 1170 1210 1277 1818 1940 2090 2141 2324 2663 2716 2721 2797 2974 3155 3183 3309 3462 3505 3529 3707 3858 4039 4327 4354 4481 4553 4665 4751 4784 4795 4820 5065 5069 5325 5333 5393 5650 5679 5737 5841 5991 6457 6519 6544 6548 6575 6638 6652 6867 7044 7055 7219 7338 7356 7375 7395 7398 7403 10268 10307 10335 10356 10394 10419 10433 10439 10440 10478 10489 10499 10510 10511 10512 10520 10521 10534 10555 10556 10577 10578 10587 10601 10611 10612 10667 10668 10684 10685 10699 10718 10735 10736 10737 10750 10768 10778 10784 10797 10808 10818 10827 10851 10852 10870 10871 10887 10906 10912 10913 10924 10936 10944 10945 10959 10969 10973 10985 11000 11015 11032 11033 11047 11059 11068 11080 11087 11088 11096 11097 11098 11099 11114 11128 11135 11136 11154 11155 11164 11165 11166 11172 11185 11194 11202 11203 11244 11245 11258 11266 11278 11279 11296 11297 11311 11312 11316 11317 11328 11329 11336 11379 11408 11416 11453 11464 11495 11525 
	}
	weather={
	}
}
