
strategic_region={
	id=38
	name="STRATEGICREGION_38"
	provinces={
		105 139 283 475 557 983 991 1328 1378 1622 1747 2139 2167 2233 2277 2329 2591 2637 3073 3177 3280 3722 3754 3839 3930 3987 4084 4236 4290 4368 4456 4688 4823 4832 5389 5406 5566 5640 5993 6367 6567 6579 7009 7117 7129 7234 7270 9479 9480 9524 9538 9553 9577 9594 9620 9669 9687 9717 9731 9767 9775 9786 9804 9835 9836 9870 9900 9926 9940 9948 9949 10038 10050 10110 10136 10137 10164 10179 10191 10218 10219 10255 10269 10325 10326 10357 10418 10438 15602 
	}
	weather={
	}
}
