
strategic_region={
	id=4
	name="STRATEGICREGION_4"
	provinces={
		248 277 796 1069 1263 1449 1584 2062 3108 3178 3441 4022 4109 4215 4447 4541 4545 4681 4769 5537 5705 6083 6182 6361 6899 6926 7191 7277 9406 9453 9485 9514 9539 9595 9629 9645 9646 9647 9689 9690 9691 9695 9706 9732 9740 9763 9769 9776 9788 9798 9799 9825 9837 9859 9881 9890 9901 9902 9941 9950 9976 9989 10011 10012 10023 10052 10053 10060 10078 10090 10111 10112 10139 10140 10141 10142 10166 10167 10181 10193 10220 10237 10256 10257 10258 10270 10282 10295 10337 10345 10358 10369 15425 15468 15675 19473 19483 19484 19485 19486 19487 19488 19494 
	}
	weather={
	}
}
