
strategic_region={
	id=6
	name="STRATEGICREGION_6"
	provinces={
		472 623 679 1321 1627 1721 1768 1777 1948 2454 2605 2738 3188 3199 3389 3451 3575 3741 4080 4334 4487 4645 4705 5382 5402 5800 6057 6296 6354 6488 6531 6588 6705 6757 6845 7053 7154 7353 10798 10837 10888 10889 10914 10915 10916 10937 10946 10947 10974 10975 10976 11001 11002 11003 11004 11005 11016 11048 11060 11069 11070 11089 11103 11115 11129 11156 11173 11204 11237 11238 11246 11259 11260 11273 11298 11304 11313 11318 11330 11337 11345 11361 11368 11388 11389 11398 11409 11417 11418 11444 11465 11482 11509 11510 11520 11527 11539 11550 11558 11594 11603 11616 11645 11646 11681 11711 11712 11761 11790 
	}
	weather={
	}
}
