
state={
	id=141
	name="STATE_141"
	provinces={
		38 214 312 443 458 465 528 590 709 763 970 1195 1287 1558 1849 2123 2148 2291 2599 2645 2646 2667 2691 2760 3376 3583 3659 3679 3785 3895 4197 4293 4613 4620 4836 4986 5009 5224 5503 5755 5792 5808 5862 5968 6020 6327 6473 6885 6925 7209 8327 8336 8357 8358 8371 8399 8411 8418 8422 8450 8451 8468 8499 8576 8594 8619 8633 8642 8670 8688 8839 8850 8865 8896 8913 8914 8915 8972 8979 8985 9022 9049 9054 9096 9134 9165 9190 9236 9334 9359 9372 9403 9422 9497 9530 9637 9652 9725 9757 9794 9831 9832 9853 9936 9947 9992 10031 10122 
	}
	manpower=0
	buildings_max_level_factor=1.000
	local_supplies=0.000
}
