
state={
	id=224
	name="STATE_224"
	provinces={
		22 42 161 230 259 260 345 348 351 366 387 421 425 452 460 498 586 589 612 674 686 734 766 793 799 819 877 898 919 922 971 989 1033 1077 1121 1215 1224 1231 1239 1299 1310 1327 1337 1391 1412 1424 1487 1528 1533 1563 1594 1763 1841 1868 1945 1982 1988 2011 2040 2069 2125 2208 2290 2315 2326 2327 2375 2384 2394 2398 2409 2475 2571 2668 2676 2818 2864 2888 2958 2967 2968 2971 2979 3028 3065 3070 3071 3126 3185 3205 3218 3237 3398 3442 3456 3528 3550 3588 3601 3607 3645 3680 3796 3797 3799 3825 3871 3896 3907 3946 3958 4038 4046 4061 4076 4118 4131 4164 4169 4174 4188 4207 4226 4243 4249 4317 4331 4375 4409 4416 4442 4469 4476 4524 4556 4606 4616 4669 4709 4734 4757 4830 4885 4911 4933 4951 4983 5037 5087 5089 5103 5145 5164 5195 5196 5198 5199 5226 5251 5332 5339 5354 5365 5375 5378 5379 5392 5403 5404 5411 5419 5444 5447 5564 5607 5631 5689 5781 5793 5852 5873 5893 5927 5933 6022 6039 6102 6138 6156 6229 6237 6250 6288 6306 6337 6340 6347 6355 6430 6445 6491 6528 6551 6593 6605 6620 6621 6626 6639 6698 6716 6779 6797 6821 6823 6858 6863 6866 6894 6939 6956 6997 7007 7036 7039 7056 7070 7115 7160 7174 7199 7218 7276 7286 7290 7309 7328 7345 7364 7374 7382 7397 9423 9459 9489 9550 9559 9560 9572 9618 9638 9642 9678 9713 9726 9782 9810 9821 9833 9857 9886 9911 9912 9920 9921 9922 9958 9973 9984 10020 10021 10033 10034 10047 10075 10096 10109 10124 10132 10133 10152 10153 10176 10187 10199 10200 10215 10216 10234 10241 10251 10266 10275 10276 10290 10291 10303 10304 10322 10323 10324 10332 10352 10353 10354 10378 10379 10380 10381 10390 10391 10401 10402 10403 10414 10415 10425 10426 10450 10458 10459 10460 10474 10486 10495 10496 10503 10516 10517 10529 10548 10549 10550 10551 10552 10566 10567 10575 10576 10594 10595 10596 10607 10617 10625 10626 10627 10628 10648 10649 10658 10659 10660 10661 10678 10679 10692 10693 10694 10710 10711 10729 10730 10731 10764 10772 10773 10780 10781 10795 10804 10805 10806 10816 10845 10846 10847 10881 10882 10883 10884 10893 10902 10903 10909 10910 10922 10923 10933 10934 10942 10953 10965 10966 10981 10982 10990 10999 11013 11020 11021 11022 11030 11045 11054 11055 11056 11078 11079 11082 11083 11084 11092 11109 11133 11134 11143 11144 11148 11149 11150 11151 11159 11183 11191 11192 11198 11199 11200 11209 11210 11211 11212 11226 11227 11228 11229 11230 11235 11254 11255 11264 11270 11271 11276 11287 11288 11289 11290 11302 11303 11307 11324 11325 11332 11333 11340 11356 11357 11365 11374 11375 11393 11394 11412 11426 11427 11436 11437 11438 11460 11469 11470 11471 11479 11480 11487 11488 11498 11502 11518 11521 11536 11556 11561 11562 11567 11599 11611 11612 11624 11625 11634 11635 11649 11650 11661 11672 11688 11698 11699 11721 11722 11732 11763 11764 11774 11785 11786 11797 11804 11810 11826 11834 11835 11836 11843 11855 11856 11871 11886 11894 11895 11908 11909 11928 11929 11939 11957 11963 11964 11978 11986 11987 11988 12011 12022 12039 12040 12059 12071 12093 12100 12101 12125 12132 12139 12151 12156 12163 12180 12195 12209 12220 12243 12261 12268 12269 12279 12309 12317 12331 12338 12342 12367 12368 12390 12391 12405 12415 12419 12434 12435 12454 12469 12474 12490 12500 12507 12525 12526 12545 12554 12575 12582 12583 12629 12643 12667 12668 12669 12677 12687 12705 12722 12723 12730 12731 12745 12752 12756 12771 12785 12793 12794 12803 12831 12840 12851 12875 12883 12913 12914 
	}
	manpower=0
	buildings_max_level_factor=1.000
	local_supplies=0.000
}
