
state={
	id=239
	name="STATE_239"
	provinces={
		70 108 331 560 792 890 1039 1106 1201 1241 1489 1582 1665 1912 1971 2161 2226 2246 2259 2286 2427 2632 2775 2830 2845 2993 3255 3262 3316 3331 3334 3664 3872 3879 4063 4068 4090 4101 4163 4171 4239 4344 4370 4371 4424 4538 4544 4679 4766 4825 4913 4976 5125 5171 5249 5252 5347 5412 5417 5430 5445 5485 5517 5686 5771 5879 5951 6051 6085 6223 6321 6460 6468 6471 6675 6729 6798 6879 6930 7082 7084 7099 7120 7287 10045 10107 10146 10147 10148 10262 10263 10264 10265 10312 10351 10377 10388 10389 10400 10449 10473 10485 10502 10565 10592 10593 10616 10624 10641 10706 10707 10708 10709 10727 10728 10746 10763 10794 10803 10813 10814 10815 10823 10824 10832 10833 10834 10841 10901 10921 10941 10964 10989 10998 11011 11012 11029 11044 11053 11065 11091 11123 11124 11147 11170 11182 11189 11190 11207 11225 11234 11269 11274 11275 11286 11306 11323 11372 11373 11384 11411 11425 11501 11517 11535 11546 11598 11720 
	}
	manpower=0
	buildings_max_level_factor=1.000
	local_supplies=0.000
}
