
state={
	id=259
	name="STATE_259"
	provinces={
		11 16 32 141 146 150 216 267 353 386 389 399 434 486 620 691 736 746 800 802 816 821 828 831 850 912 957 1017 1045 1127 1152 1157 1158 1163 1182 1190 1194 1248 1257 1326 1353 1356 1357 1408 1425 1518 1543 1651 1669 1705 1785 1851 1855 1881 1910 1922 1931 1960 1972 2024 2057 2078 2097 2100 2102 2142 2145 2198 2333 2396 2505 2506 2552 2553 2554 2564 2723 2887 2890 2902 2908 3041 3169 3173 3245 3249 3253 3330 3340 3345 3350 3374 3429 3483 3492 3501 3536 3558 3595 3606 3692 3726 3826 3875 3887 3983 4172 4198 4213 4241 4267 4277 4434 4445 4477 4571 4646 4652 4726 4781 4805 4811 4869 4890 4923 4991 5027 5129 5162 5205 5225 5228 5255 5273 5498 5501 5520 5524 5568 5647 5731 5742 5807 5865 5870 5931 5980 5994 6027 6045 6063 6071 6089 6142 6190 6197 6199 6315 6341 6479 6495 6521 6560 6607 6636 6733 6773 6799 6801 6839 6982 7086 7095 7101 7137 7228 7245 7268 7299 7344 12329 12443 12451 12452 12459 12590 12614 12676 12685 12686 12702 12769 12782 12798 12827 12853 12871 12894 12897 12920 12957 12970 12973 12999 13047 13048 13053 13074 13078 13111 13118 13138 13145 13146 13151 13152 13159 13165 13171 13197 13239 13246 13252 13272 13300 13313 13317 13318 13338 13357 13376 13387 13418 13422 13455 13470 13484 13496 13497 13500 13537 13542 13543 13544 13556 13635 13648 13674 13723 13726 13732 13738 13754 13791 13843 13869 13937 13967 13985 
	}
	manpower=0
	buildings_max_level_factor=1.000
	local_supplies=0.000
}
