
state={
	id=478
	name="STATE_478"
	provinces={
		83 282 368 427 505 617 640 700 1022 1086 1394 1442 1470 1546 1547 1735 1894 2136 2156 2261 2296 2410 2498 2752 2764 2779 2870 2949 3106 3138 3158 3300 3620 3690 3702 3720 3761 3891 3900 3908 4060 4161 4305 4369 4395 4491 4549 4593 4599 4741 4750 4765 4971 5118 5254 5292 5294 5394 5434 5516 5669 5762 5864 5881 5890 5928 5930 5990 6028 6113 6227 6685 6717 6746 6796 6882 6968 6970 6972 7052 7098 7253 7294 7295 14464 14482 14493 14501 14507 14511 14521 14530 14537 14541 14557 14560 14564 14565 14569 14570 14582 14583 14592 14594 14595 14603 14604 14605 14607 14608 14622 14633 14634 14635 14644 14645 14650 14651 14652 14658 14659 14660 14670 14682 14683 14685 14687 14690 14696 14697 14698 14715 14716 14720 14721 14722 14723 14736 14737 14738 14740 14745 14752 14753 14754 14761 14762 14763 14769 14773 14784 14785 14792 14796 14813 14815 14816 14819 14830 14832 14870 
	}
	manpower=0
	buildings_max_level_factor=1.000
	local_supplies=0.000
}
