
state={
	id=94
	name="STATE_94"
	provinces={
		31 33 129 159 278 365 376 588 628 900 920 974 993 1018 1093 1150 1268 1426 1626 1637 1662 1699 1701 1827 1858 1929 1965 1977 1981 2052 2081 2082 2084 2094 2149 2150 2243 2353 2361 2378 2420 2433 2438 2440 2570 2590 2793 2906 2934 3037 3049 3055 3069 3075 3236 3261 3276 3286 3341 3348 3485 3486 3502 3506 3567 3568 3611 3657 3822 3840 3856 3865 3944 3976 4006 4008 4088 4127 4151 4181 4237 4364 4383 4444 4512 4529 4531 4555 4573 4622 4632 4699 4723 4743 4819 4834 4909 4980 5047 5076 5123 5183 5233 5342 5413 5560 5592 5598 5699 5874 5906 5910 5918 5939 5945 5992 6004 6049 6093 6109 6135 6145 6196 6208 6220 6260 6289 6351 6393 6481 6525 6533 6534 6539 6570 6597 6660 6727 6748 6807 6813 6872 6877 6989 7012 7072 7109 7145 7182 7198 7238 7267 7315 7357 7383 9063 9082 9095 9235 9278 9350 9390 9402 9417 9475 9496 9517 9541 9579 9591 9612 9624 9641 9675 9685 9724 9736 9756 9793 9802 9808 9820 9852 9910 9918 9919 9945 9946 9983 9991 10006 10007 10017 10018 10019 10030 10073 10074 10086 10087 10105 10106 10121 10160 10186 10214 10229 10230 10231 10232 10261 10288 10289 10311 10342 10364 10375 10376 10387 10398 10399 10412 10424 10436 10446 10447 10448 10470 10471 10472 10484 10494 10515 10546 10547 10562 10563 10564 10574 10581 10582 10591 10606 10615 10638 10639 10640 10647 10656 10657 10676 10677 10690 10691 10725 10726 10744 10745 10753 10762 10792 10793 10812 10831 10843 10844 10858 10859 10866 10879 10880 10892 10918 10919 10920 10930 10931 10932 10940 10963 10971 10988 10997 11009 11010 11019 11027 11028 11037 11043 11052 11063 11064 11073 11077 11107 11108 11121 11122 11142 11169 11179 11180 11181 11187 11188 11222 11223 11224 11233 11251 11252 11253 11263 11285 11301 11315 11352 11353 11354 11355 11363 11364 11382 11383 11391 11392 11424 11434 11435 11449 11458 11459 11468 11476 11477 11478 11484 11485 11486 11497 11515 11516 11533 11534 11543 11544 11545 11581 11582 11590 11591 11597 11610 11622 11658 11659 11660 11670 11671 11687 11697 11718 11719 11747 11748 11749 11750 11757 11758 11759 11771 11783 11802 11819 11833 11840 11854 11879 11880 11892 11899 11955 11961 11975 11976 11977 12020 12032 12038 12045 12046 12047 12058 12064 12080 12099 12106 12116 12131 12147 12148 12162 12188 12247 
	}
	manpower=0
	buildings_max_level_factor=1.000
	local_supplies=0.000
}
